87
5
87
71
5
77
49
97
51
27
94
72
65
22
50
67
11
47
32
32
77
53
13
15
2
95
0
31
5
95
59
22
42
68
93
24
62
95
82
29
66
6
64
76
65
79
42
90
81
70
69
47
91
44
80
80
42
37
97
32
70
48
49
33
2
66
55
80
8
36
67
99
10
69
86
2
64
92
48
76
43
41
13
72
74
100
84
27
86
51
36
20
34
91
29
32
15
32
100
53
16
44
86
61
7
18
37
0
93
72
33
15
23
10
97
35
35
5
46
30
50
92
49
36
63
69
75
12
39
90
54
76
84
98
42
40
20
41
2
37
30
99
44
14
9
66
54
22
57
38
7
54
85
15
7
62
15
8
27
13
72
12
11
33
39
60
99
39
46
98
83
55
27
93
41
51
61
92
96
17
43
31
53
73
34
56
37
68
15
34
81
71
43
36
30
51
61
45
15
57
30
93
81
100
96
52
63
83
3
82
51
84
28
48
13
9
12
7
38
60
3
55
4
11
58
71
66
13
90
1
35
21
33
33
81
12
89
16
62
86
33
30
0
90
32
18
61
92
72
68
67
2
90
63
49
56
96
43
2
40
32
77
28
93
100
84
93
52
32
8
3
13
67
27
10
98
48
51
83
45
14
39
35
31
37
34
81
60
32
40
70
24
6
81
73
17
38
4
52
78
25
81
13
49
72
54
2
52
31
15
23
75
67
75
2
83
6
78
47
6
5
50
70
20
22
2
30
90
21
83
82
53
3
75
4
32
18
0
86
63
85
45
25
10
94
64
28
22
31
64
59
33
22
47
17
27
78
25
81
82
0
89
40
68
22
49
19
36
83
24
9
54
75
36
89
20
44
48
49
2
21
71
31
65
33
25
28
44
58
67
32
19
7
30
12
83
68
63
17
20
79
65
98
63
52
49
100
92
81
17
77
1
70
55
66
5
32
86
63
43
18
61
61
32
49
14
4
91
81
34
48
19
36
33
16
40
38
73
64
69
33
0
84
97
81
0
65
33
44
3
50
60
1
50
39
22
45
57
76
11
45
44
90
52
61
16
77
61
71
28
49
59
46
23
24
35
6
45
66
80
84
65
10
88
9
100
62
92
39
96
8
0
57
42
42
72
3
80
6
10
1
41
3
34
58
23
25
21
42
96
40
47
85
40
98
100
29
69
97
65
54
97
30
54
92
48
77
15
30
96
21
23
19
87
21
56
66
90
68
3
88
62
89
68
54
61
4
72
71
65
56
48
16
21
2
68
70
67
60
47
88
97
54
13
81
67
1
53
93
16
27
99
87
51
85
10
13
3
47
8
61
45
51
75
95
49
75
10
23
67
40
95
15
94
75
63
95
0
51
94
83
0
30
15
98
9
88
62
66
72
82
15
0
45
62
49
36
83
71
27
74
11
89
28
32
27
65
66
9
97
62
55
30
14
2
29
84
5
71
76
62
63
65
32
33
67
46
99
38
31
21
96
65
54
20
91
52
48
89
17
79
49
12
34
16
85
49
34
7
19
54
35
71
62
89
58
63
10
87
15
8
100
67
40
39
46
28
70
25
98
13
59
59
13
20
79
14
20
48
96
96
75
14
9
96
9
72
16
13
86
31
28
4
56
66
96
43
20
28
96
92
82
70
100
60
11
25
38
95
100
59
58
30
100
17
95
65
56
81
26
22
73
100
35
35
47
21
11
67
72
19
46
40
0
83
34
90
94
36
62
2
37
0
10
32
99
40
82
19
4
43
46
22
17
13
9
74
71
84
45
100
14
78
78
88
77
60
11
45
85
31
42
78
73
98
48
82
34
52
1
26
48
78
47
66
28
8
99
75
9
80
12
73
71
36
42
92
69
89
63
78
42
97
91
71
77
97
39
87
20
68
79
89
16
96
72
43
70
8
70
100
32
40
68
10
93
39
7
90
40
16
54
50
7
49
46
60
86
5
96
80
57
90
96
6
66
49
6
0
14
52
82
54
17
18
6
57
21
22
83
53
72
67
27
48
40
35
92
20
59
49
75
44
83
3
99
81
43
52
50
28
11
100
58
24
89
72
59
52
88
68
4
85
91
42
89
42
27
4
11
63
42
13
83
42
36
7
71
79
40
33
54
96
88
43
50
90
89
35
16
57
9
20
88
91
91
71
41
89
36
85
51
97
57
11
26
47
70
32
11
31
51
19
33
35
3
97
11
26
4
40
84
82
27
13
66
93
47
0
10
74
84
87
80
15
97
43
80
75
11
56
68
10
86
36
88
15
18
44
41
